[gd_scene load_steps=11 format=3 uid="uid://bo134h43brsol"]

[ext_resource type="Script" path="res://scripts/Player.cs" id="1_c3w7s"]
[ext_resource type="Script" path="res://scripts/Components/HealthComponent.cs" id="2_iurf5"]
[ext_resource type="Script" path="res://scripts/FireRateTimer.cs" id="3_h4buu"]
[ext_resource type="PackedScene" uid="uid://dawcj88u8xawr" path="res://scenes/Entities/turret.tscn" id="3_t1l53"]
[ext_resource type="PackedScene" uid="uid://y16fet47oqs2" path="res://models/player/player_mesh.tscn" id="4_cmg58"]

[sub_resource type="Resource" id="Resource_57el8"]
resource_local_to_scene = true
script = ExtResource("2_iurf5")
TotalHealth = 200.0

[sub_resource type="BoxMesh" id="BoxMesh_hbrr0"]

[sub_resource type="BoxMesh" id="BoxMesh_l8gre"]

[sub_resource type="BoxMesh" id="BoxMesh_p8bpe"]

[sub_resource type="BoxShape3D" id="BoxShape3D_ef2y7"]
size = Vector3(5, 1, 1.5)

[node name="CharacterBody3D" type="CharacterBody3D" node_paths=PackedStringArray("Weaponry")]
collision_layer = 6
collision_mask = 2
script = ExtResource("1_c3w7s")
Weaponry = NodePath("PlayerMesh/Turret")
Health = SubResource("Resource_57el8")
TiltUpperLimit = 45.0
TiltLowerLimit = -45.0

[node name="PlayerMesh" parent="." instance=ExtResource("4_cmg58")]

[node name="Turret" parent="PlayerMesh" instance=ExtResource("3_t1l53")]
transform = Transform3D(1, 0, 0, 0, 1, 0, 0, 0, 1, 0, 0, -1.32869)
ShellSpeed = 300.0

[node name="FireRateTimer" type="Node" parent="PlayerMesh"]
script = ExtResource("3_h4buu")
FireRate = 200.0

[node name="CameraController" type="Node3D" parent="."]
transform = Transform3D(1, 0, 0, 0, 0.99997, 0, 0, 0, 0.99997, 0, 0, 0)

[node name="PitchNode" type="Node3D" parent="CameraController"]
transform = Transform3D(1, 0, 0, 0, 0.707107, -0.707107, 0, 0.707107, 0.707107, 0, 1.2, -1)

[node name="Camera3D" type="Camera3D" parent="CameraController/PitchNode"]
transform = Transform3D(1, 2.51222e-15, -2.51222e-15, 0, 0.707128, 0.707128, 0, -0.707128, 0.707128, 0, 10, 3.5)

[node name="DEBUG" type="MeshInstance3D" parent="CameraController/PitchNode/Camera3D"]
transform = Transform3D(1, 0, 3.55271e-15, 0, 0.707086, -0.707086, 0, 0.707086, 0.707086, 0, 0, 0)
visible = false
mesh = SubResource("BoxMesh_hbrr0")
skeleton = NodePath("../..")

[node name="DEBUG" type="MeshInstance3D" parent="CameraController/PitchNode"]
visible = false
mesh = SubResource("BoxMesh_l8gre")

[node name="DEBUG" type="MeshInstance3D" parent="CameraController"]
visible = false
mesh = SubResource("BoxMesh_p8bpe")

[node name="CollisionShape3D" type="CollisionShape3D" parent="."]
shape = SubResource("BoxShape3D_ef2y7")

[node name="SpotLight3D" type="SpotLight3D" parent="."]
transform = Transform3D(1, 0, 0, 0, 1, 0, 0, 0, 1, 0, 0, -1.30235)
light_energy = 20.0
light_indirect_energy = 4.271
light_volumetric_fog_energy = 4.768
spot_range = 238.052
spot_angle = 18.7806
